2.043085908931570322e-06 -1.484531310744621218e-07 2.460874420511897088e-08 9.294597624076552486e-08 6.517997208525631096e-08 -6.760957327351304694e-10 5.138694538185511957e-08 3.350400276693725443e-08 1.877734675841688088e-08 -9.007947614182155698e-09
-1.484531310744621218e-07 9.365870030822940471e-07 7.519500265631814550e-08 1.788239740767652712e-07 4.467756879834652515e-08 4.622808372192500180e-08 3.138448766859544030e-09 -6.221204041369347654e-09 1.385468422197374450e-08 3.312844712064606992e-08
2.460874420511897088e-08 7.519500265631814550e-08 5.348855207664452221e-07 1.087466347400046004e-07 -5.826713765305095636e-08 1.496503332610997360e-08 1.554756639911231153e-08 1.805652048088042672e-08 5.078752455273936514e-09 2.014721497387228677e-08
9.294597624076552486e-08 1.788239740767652712e-07 1.087466347400046004e-07 3.427751763695021094e-07 -1.340494425334488631e-08 2.269569150019447956e-08 1.076569904750948931e-08 -9.334140956521740601e-09 1.002941662803279573e-08 7.123237412893587533e-09
6.517997208525631096e-08 4.467756879834652515e-08 -5.826713765305095636e-08 -1.340494425334488631e-08 1.585333078382039881e-07 1.814631070374375719e-08 -8.590524803598591048e-09 -1.196766275663718562e-08 -1.201045708849989966e-08 -9.385721645727705027e-09
-6.760957327351304694e-10 4.622808372192500180e-08 1.496503332610997360e-08 2.269569150019447956e-08 1.814631070374375719e-08 5.011968931699099456e-08 4.847328011881059664e-09 4.653234110981241735e-09 -1.847269063649523729e-10 -9.873927527515531185e-10
5.138694538185511957e-08 3.138448766859544030e-09 1.554756639911231153e-08 1.076569904750948931e-08 -8.590524803598591048e-09 4.847328011881059664e-09 1.685009513167399722e-08 6.101987726618511669e-09 5.041540440410916693e-09 4.537388431465638747e-09
3.350400276693725443e-08 -6.221204041369347654e-09 1.805652048088042672e-08 -9.334140956521740601e-09 -1.196766275663718562e-08 4.653234110981241735e-09 6.101987726618511669e-09 1.578752130032582654e-08 5.931021299695120726e-09 5.616586290179836257e-09
1.877734675841688088e-08 1.385468422197374450e-08 5.078752455273936514e-09 1.002941662803279573e-08 -1.201045708849989966e-08 -1.847269063649523729e-10 5.041540440410916693e-09 5.931021299695120726e-09 1.362951877953380870e-08 9.131550491039345283e-09
-9.007947614182155698e-09 3.312844712064606992e-08 2.014721497387228677e-08 7.123237412893587533e-09 -9.385721645727705027e-09 -9.873927527515531185e-10 4.537388431465638747e-09 5.616586290179836257e-09 9.131550491039345283e-09 2.101745135484426048e-08
